30
54
20
69
86
13
58
64
99
50
8
10
90
75
57
75
74
46
34
14
6
72
89
22
53
20
19
81
81
80
41
50
41
83
96
28
70
29
9
47
53
1
31
31
14
60
2
87
8
79
9
89
37
27
81
21
35
37
26
15
17
50
72
97
56
57
54
50
9
37
63
51
88
57
49
12
87
77
67
19
17
91
52
64
66
56
10
19
7
58
58
20
92
95
37
94
83
8
87
48
48
59
8
28
39
51
20
10
1
7
29
77
66
66
88
77
73
74
45
49
14
22
91
91
34
67
92
79
53
31
83
21
16
1
41
75
58
63
34
67
80
85
39
34
10
11
73
42
78
69
44
74
31
99
19
92
71
96
89
40
38
76
30
96
87
99
4
72
30
41
68
1
44
19
53
85
94
8
26
85
53
10
61
91
99
79
40
72
71
37
9
42
39
41
95
55
19
64
27
23
23
56
13
31
1
66
39
83
57
63
73
93
78
64
19
12
70
3
63
61
34
19
75
29
4
60
39
22
22
52
30
75
32
90
67
37
31
30
42
8
53
41
64
27
29
19
51
25
62
3
52
85
81
36
88
41
68
3
50
91
90
8
27
41
82
42
36
39
47
49
13
87
18
91
67
97
22
4
28
45
10
59
79
6
26
0
7
85
56
63
36
35
82
71
12
16
80
43
37
97
79
38
69
13
81
95
72
68
21
19
94
33
48
83
68
26
62
93
80
74
27
16
57
27
5
82
24
29
82
71
46
96
68
18
92
82
33
86
10
9
66
63
89
8
28
75
50
72
26
18
91
75
81
98
36
50
41
36
0
48
50
76
23
50
11
47
80
85
75
68
56
19
54
24
18
79
67
31
54
37
72
4
48
73
40
25
58
87
49
77
7
8
85
23
15
85
10
4
72
7
3
4
79
70
43
70
75
62
29
43
68
63
81
29
72
36
49
21
87
80
29
70
77
19
34
20
79
36
6
26
81
28
76
32
91
58
74
90
15
81
9
6
79
76
66
97
54
4
27
37
86
65
84
90
98
22
95
71
7
51
72
60
1
43
79
11
31
23
3
96
3
95
55
46
25
6
29
31
55
40
36
35
37
44
96
74
14
84
76
84
7
23
22
15
22
41
15
60
44
86
83
67
93
56
88
73
0
71
68
75
1
77
92
5
82
39
28
89
2
39
58
79
75
34
22
14
72
10
28
9
71
93
84
19
76
2
56
96
49
34
57
2
62
2
48
5
2
92
12
23
21
16
20
60
42
26
10
77
57
9
31
40
45
38
68
52
84
75
38
12
71
31
46
43
41
20
15
21
69
45
96
85
72
30
7
42
69
9
80
25
39
83
96
70
85
36
21
27
54
20
31
67
16
23
97
58
7
23
78
18
47
89
0
78
10
82
23
79
24
41
58
61
9
31
50
24
74
15
56
28
8
24
42
34
94
60
12
44
47
70
49
13
95
40
56
83
75
40
43
65
99
61
10
22
92
23
94
40
83
87
86
30
77
72
12
57
70
88
9
69
5
22
19
96
38
59
64
63
23
27
79
26
13
34
35
43
2
52
67
75
5
65
89
89
62
92
88
75
12
42
54
51
93
15
84
27
32
20
96
30
26
44
52
24
11
98
80
16
89
17
42
29
4
95
75
66
53
31
35
2
52
53
14
24
76
5
78
16
97
97
48
89
25
83
58
24
85
86
11
2
57
16
3
37
31
31
75
56
1
6
85
93
77
88
32
28
5
15
42
2
96
76
4
83
43
43
8
18
43
39
31
80
56
78
21
61
80
32
76
91
58
93
48
7
96
32
34
90
92
9
66
97
26
47
32
65
61
29
3
38
17
32
75
99
36
7
56
64
29
70
8
72
8
87
87
74
25
90
27
98
13
17
50
12
71
81
8
34
49
49
78
8
58
69
49
30
4
10
49
77
79
57
38
26
0
57
60
36
48
55
55
97
41
69
93
61
43
23
20
43
17
62
90
72
59
70
80
18
21
44
95
54
97
29
41
94
13
66
35
58
17
98
50
30
35
49
4
78
2
19
37
59
1
97
30
98
80
39
24
21
93
88
63
61
37
63
39
55
92
32
21
17
63
34
55
14
4
19
34
76
19
19
65
54
47
94
55
89
1
17
37
18
90
91
37
59
61
77
27
22
59
65
62
31
31
2
84
84
90
73
36
75
47
9
29
61
17
60
24
39
13
7
43
74
28
97
60
72
14
41
53
57
92
89
97
9
57
19
32
64
43
43
45
4
50
63
29
87
74
48
